11170
9391
7987
7816
7769
6677
6957
7941
7285
8034
6583
7722
7332
7098
7644
7675
7145
7332
7894
7691
7893
7426
7862
7878
7722
7769
7691
7815
7457
7941
7831
7550
7769
7457
7769
7581
7832
8127
7753
6599
7816
7254
7347
7520
7722
6505
7644
8252
7629
9188
38985
39156
33977
37315
37191
35568
36223
38891
32931
38845
38485
39437
37689
39734
38469
38954
39795
39219
38922
37674
38937
39422
38984
37846
36800
38174
37035
35911
36395
34632
37284
34148
36832
37799
37050
39265
40108
39640
38313
37752
37347
36894
35896
35240
33571
35568
37409
33961
33697
35848
84425
72455
72085
72696
67076
67692
67372
63196
79127
78967
74864
79724
70340
68297
71807
71074
70122
74818
77033
77376
76830
74443
76565
77314
76003
77345
76113
75020
75426
74709
72478
67876
73086
73351
74163
72181
66878
68608
64054
69171
72025
75894
76721
76206
76534
75333
75972
75254
74989
75707
