16172
16927
23578
9594
7728
12292
28670
32752
14712
22008
9036
4945
9331
21470
3590
30884
2388
13950
15409
32017
1937
18947
5205
15464
8804
31869
19966
19353
16205
20576
30781
29498
13454
24324
4136
31237
26542
27427
10069
32598
31735
862
6755
26033
4344
13496
22386
19770
4355
19737
13478
7740
4016
11724
22183
9123
14424
11777
10020
13697
19611
3404
23372
29581
13018
30245
2643
3999
5310
4198
21491
10293
3504
9168
5864
13042
26974
19078
14195
30489
29244
13200
30168
6166
20481
30041
21728
12278
30246
28721
4184
31210
8810
16589
9104
3272
27473
17090
24541
9610
24224
8973
4887
461
12259
654
15900
19026
30439
10376
23371
3457
32320
17699
13577
18913
8644
17387
19520
2209
15630
11854
20187
2067
10749
7713
7755
30251
20274
16412
26117
15109
16021
26201
16898
21340
25552
10969
30013
15123
17106
8703
12345
26544
17998
7443
26488
21212
7738
31936
14853
5349
11857
5015
26604
3900
3217
6282
22716
9975
4029
10609
12811
3920
28124
23945
32242
9252
27320
26608
24973
21621
5728
18986
25469
7400
7078
5791
16998
4680
7842
17178
23409
31745
11054
2892
8395
32421
13159
25415
8227
22123
7730
31235
6448
8619
26037
19421
9257
15204
17882
17683
26699
9654
31440
29769
25175
1128
3977
19719
15122
10083
15420
31288
11715
9525
21733
16557
32440
1423
18368
29080
449
31687
11218
27922
12467
12631
24416
13461
20966
8284
13942
3458
11960
32280
14689
13212
23048
13680
29494
7051
1724
29039
20553
17755
28219
14273
3254
7930
18163
4921
13019
30398
19157
20044
10716
32220
19924
15763
21534
23282
25706
6733
15820
19582
6675
27866
23382
23396
14287
1857
22508
7532
6820
4011
29704
1986
6682
6886
29665
20852
32445
22243
7673
26104
2207
17720
18832
26531
1491
1439
32046
16947
30963
12405
7453
19782
20379
16700
10732
32480
10476
4378
3822
11753
11274
24919
185
25773
28319
30179
27559
17242
27477
16334
29272
29318
2143
6093
31790
9638
11761
2236
21456
11672
27843
10774
21928
6938
13459
2687
11877
29008
6816
10811
10617
26690
12335
1460
3996
16220
26890
12280
5447
8173
4604
32056
22842
4008
22358
15690
29431
29477
23405
1576
4420
8289
23833
3696
10413
314
28216
6114
12800
17909
14889
27108
30927
10168
23634
23553
31217
15119
18075
28773
20993
21099
14320
32355
15326
28830
17091
27888
7978
19297
25479
32037
11979
24015
10038
9409
5996
2791
25036
30885
15869
20493
29897
10070
3631
1929
9651
894
22777
15111
1170
7787
17174
1558
25203
29326
17284
2217
22502
7678
12807
27033
23423
11507
26020
26913
26712
29771
25382
864
13454
31752
7068
8922
30656
31184
15065
25335
16787
23403
1523
25219
24624
24905
18885
9773
22212
18682
22893
2824
25599
1972
7374
18701
6294
5328
12047
1431
32193
17485
3354
30181
19390
12619
21534
4507
12364
14482
4110
21826
9521
777
6687
5315
22196
8255
1870
24048
6691
12517
9944
27387
29775
8530
4288
9469
12299
29694
17484
13937
1200
7175
22152
11702
19612
26543
12482
12177
19375
31452
24332
14760
1485
22935
28350
29960
9566
653
23793
6304
29137
6545
5381
23491
22036
8728
32539
30890
30494
18876
7836
16112
23142
17082
16561
13844
7273
11891
15048
20474
14120
6126
14613
11115
22695
32341
7438
26256
18799
28532
27631
379
25357
12861
19764
20639
5776
327
6434
32595
783
21834
30526
8786
7201
16292
3283
23102
24676
21719
15217
1560
8183
9993
28520
1482
21247
20611
32337
3229
38
3635
5510
963
13079
27178
14502
31951
771
30238
20498
13368
10527
5608
18290
9178
10019
23047
15408
9588
32205
27164
15355
9514
29532
32620
4934
25605
27158
28514
11207
19055
18115
17930
31480
19128
26415
28822
153
21395
10411
30685
21804
21145
32397
19159
18552
18117
6315
6434
4103
25334
6628
15745
1448
16497
24216
14424
30190
8540
21291
14897
32430
17220
23174
15929
32133
16792
17557
13507
3663
2092
21706
15812
6577
21943
22681
29526
29585
20052
19962
17462
2457
7685
6634
24134
8631
11052
20202
10507
10400
22800
894
20528
4168
23134
14511
24065
15979
5029
20618
26096
2824
3544
5279
16148
20192
30928
19587
20133
508
15816
25679
25218
27172
8672
8990
7083
22889
30874
29074
26823
31900
26208
12368
4255
14804
13052
7807
19617
7916
11294
20557
29534
24578
6105
13675
13068
26106
14118
12172
23557
27897
22624
14569
15174
13034
31175
6848
1265
13820
31742
13265
20171
802
25740
20191
6847
5266
12382
2357
29017
16455
13891
18719
3147
13951
6511
17516
4332
4157
19449
5875
23220
28104
8541
26891
21954
9514
28922
9745
26966
178
18581
17125
29271
3443
11989
5229
19918
31171
30149
13841
29545
956
7509
62
8185
30654
17880
3812
4085
16107
12935
22520
18932
32170
23549
20978
31030
16933
4794
10831
22556
17099
12705
3088
10924
11470
24697
30266
18702
677
26223
8788
14866
2700
3218
31468
23975
19712
4182
8722
10085
9027
9746
2011
26885
21982
2946
4320
11491
19225
10822
19644
8323
17797
19041
15505
3849
12915
21690
10628
27583
2170
9630
2877
27795
13814
28476
32360
13462
8067
11304
19254
3710
11910
8665
31709
14117
28580
29483
787
14344
16712
17118
29335
20937
4642
26133
16809
30382
12195
9943
9101
21791
9346
5777
28172
29228
10042
28819
4082
21509
6281
3214
6033
15487
4594
24861
18749
29590
1084
5689
17870
8677
26097
10178
16673
15152
29153
6141
18583
30939
30108
12817
6548
25712
12283
23689
2049
29213
16280
31701
29899
11059
8529
25801
21602
26793
16073
24348
17723
7575
3303
14314
13902
12731
14933
25651
7576
27639
28162
13146
16027
27857
5536
4519
217
14577
17447
23237
22109
21415
8272
15428
12850
26979
25371
10264
3817
2618
26186
22296
1303
29800
17124
23424
29141
28361
32691
17264
11582
13150
20421
19307
20725
27086
24815
8408
3741
12771
14917
13445
5726
15881
10915
7455
3431
32210
18216
2491
5222
22644
31157
17488
24082
30537
8051
17466
21922
8271
14154
20665
21842
8358
8299
13168
27877
18196
26823
31463
14366
28292
11157
19721
17734
6275
32720
18854
2986
6082
30391
31986
29210
19095
10827
25092
25962
25979
23508
30041
32501
19853
8797
22350
15125
782
10547
32425
16300
7139
32362
31505
12958
19990
29016
18321
8277
2645
279
11546
29243
9842
23304
13566
30020
6113
26955
11125
28770
15933
29000
12827
19214
15811
16937
25200
17350
27094
29533
87
13961
16249
13079
15512
29532
28632
9420
1886
9417
31424
20409
29369
18011
22818
7515
9501
11044
14228
26613
23522
5175
16591
6414
32194
22318
30770
22512
15710
5284
9278
18473
19385
32444
18712
22542
6843
12185
13066
7987
12207
4068
4355
19701
1477
19785
7954
9969
145
24826
24815
6025
28299
9771
27762
19558
7053
148
17433
25841
29528
4850
16774
12504
13327
1414
4095
32399
12474
23700
14061
31181
9156
24293
13406
6667
4478
3142
10115
8456
15002
9223
2866
10568
7856
15228
100
17552
3772
25728
10424
10860
20382
25581
4335
30377
19609
30757
11118
30683
22997
12173
23232
3544
1758
20236
3089
6203
290
18576
25012
29922
1654
16777
28061
3697
26514
10605
31719
31437
6800
24626
27984
10657
23921
27863
8632
8924
26776
17371
29350
21809
12621
7620
15811
29846
15419
23962
32605
26822
32755
1897
31973
19391
22375
18114
32625
30788
1135
1339
7739
10332
16968
4331
6432
9169
26640
21231
17185
32434
6987
5607
31974
26577
4705
23673
16182
1862
26397
18381
13697
27882
31024
3600
26710
3805
24748
242
30701
22529
28810
9255
26270
18045
18724
21482
29544
6715
31419
31605
1131
4969
14322
23434
8558
16636
6225
24813
32346
24360
27332
2791
5565
17897
6169
25029
21320
26494
5509
32087
20049
24297
26400
7026
5202
3696
12900
18031
872
19999
24754
2985
13525
10819
20942
16899
30590
12784
7774
24671
23150
21885
27246
25640
18257
21763
18415
18377
11514
16097
10547
2355
14813
32315
25458
16475
9878
31094
16713
17850
4192
16573
9526
26828
25503
19584
15389
13969
22103
19439
16326
20495
29362
899
18781
20686
12670
15222
13296
17755
9388
15942
3829
12741
12754
26423
8385
10275
23722
16590
30994
28428
8593
13142
4998
14365
24585
17246
2593
26231
21815
24633
22475
25918
9830
17020
10960
3611
31618
23172
18270
8123
10654
20206
31243
17486
28015
2845
6732
10248
13774
23992
7423
8100
32314
10025
14050
24284
14675
6175
3865
16114
19297
12
428
5419
5323
11176
29191
6478
3232
21356
11641
23593
27409
6680
23989
19980
25588
6958
2900
21836
28995
2420
12368
29890
11675
23926
23178
585
16062
5122
24134
27972
20498
31914
6314
5398
7456
6213
16962
12199
3093
1902
20863
16357
22596
2308
27956
7233
19618
2216
28439
1326
3656
15683
30278
19366
30453
22397
2495
1957
32649
16455
19174
24236
14987
26450
14340
23103
24229
8597
32450
20071
24867
6091
24242
20528
8311
17650
7110
15404
7863
1230
215
19695
19485
12900
29216
16785
24966
22143
4032
5167
19189
26158
26683
16490
8717
4420
15098
6630
14490
8407
19142
13004
13064
26050
16465
21065
13034
14115
7341
31501
4469
221
15315
461
10755
25111
26398
13250
13456
23483
30669
3367
12352
3832
2436
32702
24023
3008
15564
18764
19008
12107
2446
23064
26887
4755
8604
19313
16094
2262
25385
26149
7195
11799
23371
14602
26424
1436
22656
16249
30547
10353
3366
6094
32428
996
16898
18921
1322
10247
6330
7600
29397
9778
24155
395
10845
32638
28116
230
13202
9035
8824
19123
30186
32186
23168
18405
766
5684
2439
16886
28941
15841
23308
6498
17784
20018
25844
3114
28484
30552
27141
3154
20891
7882
11372
9827
24140
19907
20535
30698
16454
12226
19932
13815
5664
8456
29873
17311
15509
19742
32114
22650
10496
23884
11454
14117
21476
14114
1433
29633
13159
19187
3052
19059
17874
29269
5889
1506
11282
24227
13319
30140
21562
6012
6292
30001
13311
2369
9502
374
4923
9114
30593
24644
26219
2033
3452
22102
14641
18421
30516
28143
10450
13337
6575
19793
28344
14867
346
7495
31473
21341
17540
32668
7855
951
30176
5538
18119
26531
9991
5804
17970
21224
31476
30356
12430
32528
18566
7222
17565
18922
19714
10226
26309
1033
28302
18990
11151
20290
3767
10706
29225
3378
27884
23243
3812
23989
6401
25737
1462
11632
30125
22656
21689
21577
19212
30890
20138
17386
26909
28163
1386
17985
23109
3852
17537
19458
9674
13898
7062
19236
8793
10436
30968
11616
22657
3208
21529
20150
30006
28454
26638
3047
19535
23603
32272
24828
27399
967
18429
6077
14976
28927
19160
1595
12860
20605
22853
23879
6818
18147
7694
1784
24447
22364
13984
5417
29314
23059
23950
16376
15807
697
9486
29769
9773
30467
16759
29249
7720
29994
25545
31691
18415
2666
9253
4886
10279
22915
31825
18709
26710
28987
21045
7166
10601
13018
4704
26060
26159
18604
23172
23229
26076
11395
13302
6100
16007
15922
24111
16728
26540
27155
10574
12627
23722
24450
24723
13844
20294
22368
17637
24750
27175
27281
5965
25463
9048
30846
13177
137
7881
7572
14906
2116
8397
14786
19462
26570
4254
1791
21367
18306
2773
16322
24522
14742
1010
21897
3937
30836
31450
14163
2625
13649
15187
10277
3221
30369
12426
9608
297
1697
18318
24073
11248
29133
25043
14264
25727
5482
22448
26282
24719
15870
2785
4984
3711
21970
2310
4542
32719
9079
15906
9884
25510
6206
14108
24376
4429
11966
29761
30521
8882
22866
19392
20301
7911
153
23597
29605
13472
4597
3839
12916
1208
7692
11026
17012
31916
1865
30502
31073
16670
16476
27742
4731
10323
6838
30914
1288
17590
9486
20925
27344
32595
6623
22175
30368
16989
24039
796
31431
13225
3753
29131
32668
32560
8428
28328
27126
12689
3898
6546
12722
8845
6243
6350
10289
28553
3575
23427
20183
1551
13007
27708
15757
15949
10629
21353
6464
1428
29431
2526
6752
6362
31944
31570
9058
20281
16351
6369
26430
29807
28390
31627
8178
13148
13516
5811
21757
4230
835
31393
12772
29848
28995
9984
27825
18142
10629
28000
15471
6091
26889
25525
24495
23412
3473
26326
13062
13331
13348
11519
22413
19588
26507
26704
26976
17099
24279
31052
17951
8844
19417
12635
25456
28561
14761
9544
13691
16456
31520
4035
9580
26691
10590
17376
6133
12982
12868
12182
969
11516
30459
28225
6178
274
31339
27425
29500
24602
8133
5081
26840
31962
30970
6897
22714
5691
9537
19028
5419
4554
16277
26066
22903
9786
23861
7583
20592
5600
7202
4306
10986
31030
16804
24552
17981
6489
26821
20286
25286
23178
16597
31130
27238
14000
23525
4771
18178
18389
3404
14692
18689
25253
22564
23246
7633
16626
28110
9267
22114
15411
15466
1483
32169
6144
3424
17714
16158
23703
13274
8168
7487
16730
19271
32208
14347
10063
1498
13234
9096
9119
2824
21945
20029
6679
26126
6646
30649
26538
1129
19163
14090
7405
17500
18880
4422
18586
4974
8545
8198
21006
7401
10334
18406
25546
2139
13242
32518
26102
18457
22877
9100
2265
30647
17042
25120
24418
19090
3722
11375
2467
2630
17623
16296
28496
9528
22513
15106
2628
19726
14260
17972
16637
9521
29664
18427
20763
338
28312
11416
18917
13282
7908
15439
5828
27801
25391
489
6597
9968
25546
16691
22043
10406
1383
32125
10907
4159
27550
4124
7231
29568
2924
20200
12452
3573
19886
17086
22668
32619
16811
28160
27228
6774
24456
8976
11422
17132
23249
27353
28801
23656
1270
31558
15444
18632
16331
15816
1551
30384
8
26068
32202
5
24519
5986
26691
22642
16649
7536
2397
3046
49
12414
7836
3348
13959
19727
27050
5106
3255
6702
19156
3131
7503
24550
27533
5101
26436
3529
30954
2507
20590
20842
28197
11228
14343
15587
28443
17898
6448
32080
13006
28676
15724
8530
32227
23804
32547
28557
11557
14570
7201
19754
20480
6055
6164
13397
21255
29523
12049
15040
14958
15056
22544
10271
27793
28741
22379
7338
3179
22428
24931
18334
25632
13571
19611
11708
24435
7023
21659
32713
5712
19220
27727
268
26436
8174
8325
32211
8704
4156
2675
20974
16859
15104
21038
32562
14412
1664
16691
21495
18291
20168
25827
8603
27793
9253
16639
765
23180
6571
4656
13058
1132
9137
8321
29460
14305
1616
8675
414
18362
21479
11432
8338
18031
31642
14857
11235
20632
26574
14496
16395
26484
11438
12014
28805
23395
18089
28118
3668
18028
26866
21280
32379
5816
23551
7160
8323
10517
27659
18285
17656
29556
26516
2290
13292
16236
11742
19167
17266
29877
19822
16625
32292
29613
12943
2758
22942
32726
26064
26210
32001
14933
23172
29357
6001
11381
19776
499
18071
25122
12897
31843
3360
5231
13444
21136
22844
25617
17164
32754
6944
9185
12448
7526
27524
13150
25002
938
16933
26920
2777
32226
15429
3462
32671
3095
29478
25825
4276
13746
25234
19015
31377
27653
24406
23018
25590
31938
7619
11166
27749
5250
18476
7518
19108
20799
9578
11719
31551
25819
20315
26267
32515
18327
31070
22335
10629
31388
18137
7998
32665
23158
12724
2245
9691
403
219
13092
24362
15049
20159
19795
6951
973
8150
24683
5307
8125
2327
10792
142
14743
26239
1902
19345
5824
8590
28353
26997
22910
1994
31435
13105
21373
12603
1242
21888
26702
30446
20320
20320
32739
31090
16497
148
2325
14174
11336
18468
3103
13257
12226
13016
19744
11472
6881
14784
32412
25108
27467
4271
1020
27450
22217
1211
17417
7785
26056
27327
2933
1743
7643
7641
32595
27420
15415
3564
8089
25605
53
24095
22949
706
1492
4956
10933
1937
12341
21202
21102
10289
9245
12403
5462
26215
21110
3447
3930
30333
4814
1752
5704
13758
19927
29651
11350
12539
14309
29805
666
15114
7027
4076
2959
4929
13214
25434
7575
7167
5801
24582
9587
8484
12407
6658
26828
11923
19732
9894
22702
30391
13101
2827
29704
18684
20114
14993
14893
6225
27323
9561
11606
4525
32065
22220
25886
17031
97
9234
12548
20316
23933
27292
19181
14892
26522
24219
6559
14590
26082
27014
839
7256
11811
6296
20468
17863
20303
6992
7193
11869
19450
20975
23311
32046
25823
27646
27025
11730
29532
5829
12350
18151
21489
15316
22043
8332
24773
20350
782
15078
31776
12121
12900
9374
10994
4288
5452
29025
16203
32593
1369
16480
4833
27504
1796
21198
20878
18626
23592
12900
21455
15538
9860
26592
2373
23791
6717
16769
29496
32236
16473
10637
12047
4447
18757
3275
4313
5314
28496
20746
19912
4053
26925
23448
14000
8986
27765
10188
652
9816
16419
28028
10490
22297
24343
22407
19642
5932
10899
19021
13875
15139
11457
14898
24046
26838
27434
4639
1817
1502
18752
10752
27141
13851
31446
19783
28328
27183
1699
20840
30491
32257
22723
15451
14877
26426
25909
31517
11663
29643
23134
10287
246
6245
25476
25109
10237
20224
31572
12760
29936
1365
20061
389
17218
7012
11667
8876
12807
29166
4301
25826
28283
2300
10567
15423
3705
11862
1056
30689
31492
15373
15581
2151
27330
26354
16356
22134
27772
7452
7426
10552
416
29798
27110
7384
18623
10478
13476
10503
14351
11160
1587
14203
26602
16521
29935
19050
27981
11692
18199
13075
17498
31024
9552
22581
19158
14344
23840
3222
19116
27754
13172
30078
5224
29777
18203
313
10685
2043
841
28057
30719
18539
8725
24177
8874
24040
16123
1051
24025
9852
31067
20979
22736
29814
9975
17626
14451
23785
5753
14772
8652
5675
25067
21482
21640
26198
20797
29673
21883
8650
19651
15777
10520
14761
24500
12039
7674
23130
19116
18067
10078
6663
9770
14786
18342
14110
5395
15253
2775
26324
1838
21264
4380
13213
2982
16829
10561
27574
13195
31271
31545
8091
1104
9823
17049
12433
31310
15994
6426
28446
6977
12048
20762
18827
6342
4031
24604
2665
739
27046
22852
9993
2686
3563
30684
7682
21477
31798
14802
26031
22853
22835
2615
27311
23858
29971
31681
7779
27942
25099
4938
5492
29690
6868
8783
13898
23662
14634
12658
30614
17319
15438
31481
11976
15276
24452
30029
28314
7656
149
28027
30083
28075
5709
12726
11333
19113
14078
19411
13408
29561
12027
19403
1692
22551
10014
8765
8579
15459
23364
2793
18404
27295
24779
1846
20306
30197
32027
26797
32419
3311
3098
27516
31858
23549
30390
24821
19869
32755
14687
27148
25543
2184
31369
16860
15319
2777
12591
6178
3191
17379
23371
31680
1174
19212
17503
21820
6630
21659
23536
28991
26463
1083
7173
6934
7098
20348
32684
18228
30711
28754
2422
19886
24024
26516
23030
13501
28259
3966
22085
2880
14436
15920
24193
21304
30441
30765
5194
31818
24516
13021
12611
28224
525
9995
28055
9096
13469
13159
30321
21427
5268
20229
29827
11768
5075
3036
8832
9135
6019
10569
29602
17110
9868
13961
18981
8335
10271
17730
15818
21408
12845
11259
29269
32497
26605
22687
32271
27666
26714
13054
24645
13747
19634
3916
1991
554
14073
12449
26985
19952
28788
23415
9861
17956
6190
30767
17272
13063
24951
17804
28193
29310
25184
6965
21605
659
29248
15416
2733
7156
6193
14722
614
23667
2451
25704
4224
388
14473
20769
1008
12994
29304
26953
19503
23659
3723
3680
12216
6623
11313
19529
4750
12325
412
7116
19635
6245
14916
13588
4274
6767
25955
29234
25110
30515
29815
16792
7152
9031
18883
10398
1878
4453
22221
22016
478
3305
19169
17502
13351
9303
20877
27835
22609
9171
24868
2303
4224
8104
6459
26229
19805
3778
12591
18510
17556
30003
30364
23068
30551
7858
23527
12887
18649
26903
5814
25819
9428
7904
20082
9576
13828
25008
23244
31265
11434
9418
4661
32270
5386
14234
10341
13211
15854
24621
7381
26390
12064
1460
14660
8500
12275
27397
8246
10636
23995
31002
27504
6427
21073
6544
23165
31935
23184
8488
4397
1980
15578
19018
26129
22074
3987
16253
16640
16324
8101
13808
2453
14794
26363
6133
9646
18977
4870
16256
2031
2430
6971
16557
20029
13822
26515
17463
28739
21921
1802
29185
32240
26826
30240
27537
28151
11457
30043
22160
31822
28210
28610
30540
6319
27563
29028
23350
25883
18465
11727
4964
17490
3436
5786
32528
30811
16070
476
9751
20739
31568
24753
9083
27222
12429
1468
8161
31527
23781
31648
23572
13198
25124
27526
19328
11108
26616
5019
16055
24777
20086
19855
7664
18079
12438
9494
13187
25357
30386
32362
1647
32252
30987
19656
17620
24477
12868
22767
15993
7906
485
6052
28487
0
32474
4144
6604
25331
23025
21216
29113
16890
20576
32644
22116
16407
11836
23537
7495
18320
24835
31360
27775
14449
6675
28812
9550
9991
304
7415
24217
10854
30466
32422
28523
15076
26516
6912
2416
8349
11479
29812
25467
29165
285
4336
29697
8696
415
4202
15259
7974
16631
21339
8072
415
27046
12607
21544
18899
28816
16150
22402
12021
22395
9702
31679
32123
32659
2359
429
1440
3049
32149
17213
6626
21487
3858
28165
7557
26110
22466
19903
8973
6608
9789
9928
6856
13062
13344
8354
4418
5027
27787
16499
32206
32400
17061
29571
8452
27158
6164
10690
29502
25191
13189
64
8986
31765
18218
31666
9211
22169
1847
21236
19592
11981
20580
18817
1323
370
24175
6653
1682
15788
4759
28844
10290
1921
18977
30200
16063
2653
17623
26863
2742
23441
7044
18882
14036
27855
18041
5191
26267
3760
13323
2680
21716
815
28435
3827
520
8235
21868
3960
29445
488
24185
32621
32608
19854
29084
25181
12269
937
19648
26228
11592
25255
31440
3845
15952
22878
23102
28421
22182
2436
13181
29581
13619
23092
24455
15964
4767
6767
32344
4179
24539
13209
15729
17399
5272
27640
11862
22514
3533
14649
11536
2450
31797
8938
22187
32584
25294
13569
4025
811
9563
595
6862
19827
9955
14110
16130
24318
30769
15232
32370
27598
5714
26110
23743
21896
14618
15870
13709
13815
12703
20045
8965
31112
22715
1945
29780
2508
3471
13048
13354
2040
17403
29791
16188
5992
8999
23852
27331
14360
13309
3741
15098
12585
8108
27735
10659
2915
32294
24288
31875
7085
13475
9765
11233
7574
25628
15348
22795
24015
26577
18051
21714
29871
25540
6888
13833
4270
25404
20382
10
20714
1859
24327
22832
12197
17704
23012
20830
31941
13565
10718
14455
26707
28697
25601
1252
7420
32664
11068
18961
27283
23254
8930
16112
141
30200
28972
21620
14468
24676
20917
23575
28852
29507
14332
15957
30337
4102
486
16687
239
28382
14905
24233
15145
32066
27426
11084
24315
19565
176
19621
24407
4062
15190
32708
8916
11222
12909
12221
20010
21469
26288
7211
7863
14654
25790
4008
21757
18822
30620
9814
12066
32009
27440
9305
29551
13661
24263
23643
2770
11229
10128
9735
11100
28711
17182
25742
4803
30367
23018
7461
20704
14058
20943
7557
8754
23155
28812
12905
23130
31465
3654
28180
24221
28863
22531
32456
12390
12714
8752
5456
1985
16167
19228
23415
32224
9459
11643
31375
18330
1937
8931
12779
32743
17096
5714
32101
613
6178
9895
19417
21975
28014
22820
17831
9889
6974
23539
9013
20812
19306
22686
4971
32008
26507
22165
12854
17957
6017
11691
3845
30873
20462
2201
17231
23166
28857
30586
6411
1681
29579
4685
16694
22196
10837
11127
6737
24172
3528
4670
1760
30052
7132
25935
21485
20968
17994
30009
12162
13162
28945
14064
12082
7425
245
17995
26257
8165
31227
30854
3512
13813
11759
32448
14274
11313
31454
6270
6481
7488
6557
22054
24330
31723
31808
27525
5140
11680
15523
4682
6301
13552
6884
31881
10326
27665
3046
22329
28914
20317
22481
23734
14507
22481
18573
30527
5308
25999
26698
29561
12264
14940
20475
17131
8434
1058
1494
20096
20770
30576
27606
22792
29383
31221
15929
29110
1967
23817
8706
30371
30641
10276
17272
10058
14116
29541
1189
18187
32101
21004
15320
20392
2901
19712
548
13259
472
27978
4574
12670
18519
22168
13603
13489
830
29115
17488
18872
6783
10026
13448
8138
20494
10620
13874
7043
26211
20465
25463
31074
22267
234
32456
76
6359
11373
16727
17416
30460
22178
14745
30657
30449
12889
14795
20615
20292
19329
22121
30670
28165
16818
29880
3565
3913
4773
26941
15520
25513
29878
9796
22918
18112
16745
31323
6308
1457
28642
24276
20193
13726
8043
22086
17544
6706
12786
23308
6089
7192
30344
24005
12088
20354
25571
21458
15436
2723
25309
21980
19937
3125
10483
20043
29366
12788
8903
14287
27632
16160
28319
27611
28566
13055
26339
293
31507
12121
15523
14888
13751
28410
8718
931
25398
19508
1276
791
26151
22363
22886
13644
21126
32071
29672
7372
4147
15829
29766
102
3441
29286
16356
14765
359
9310
3148
4983
16034
29606
31148
14431
5522
3371
15701
12611
18184
12637
23614
29638
1727
19121
30079
207
3536
5151
7382
4872
15675
20389
17701
23904
20581
3266
15090
22921
8085
32507
12005
9851
29302
25690
20558
30447
25240
31722
30621
4069
19951
3132
24807
22303
22866
31205
30312
29091
766
28158
11004
29245
17680
3235
25764
6139
18446
15220
30471
7343
9567
30743
11759
4977
14798
16051
26568
22298
2059
119
16420
2250
11050
10769
19001
7778
22818
14904
23393
267
30032
26659
26010
15277
13041
23055
25092
14713
18347
27580
19301
5216
11781
1264
10408
29593
30698
32756
10074
31263
12587
8210
17964
17712
20986
6173
3955
31440
16751
8425
25515
26692
26630
8142
21488
12439
21023
23849
3203
2841
25213
19163
20300
4570
5320
23240
32338
8243
20491
25946
13892
16702
18742
8188
30963
11865
30109
9119
26582
23976
3447
824
3717
8336
7777
29247
15678
21052
11736
31538
29540
5659
27586
17936
23034
9823
29926
28383
20012
12928
9584
27686
31687
19896
31598
1395
1980
28037
2389
22999
19105
30762
30844
30309
6959
25389
7071
31927
10437
25050
4446
22889
26084
9151
30396
2715
689
9007
10657
30323
30582
959
7000
20889
7970
204
13074
5562
25028
27634
16481
2053
28436
15254
32189
20401
2282
10590
8963
7285
24004
24755
2032
23822
29508
15686
22186
1469
8368
6536
20024
26310
6513
11568
5382
4850
1941
31674
7010
22030
13901
21218
3585
15210
19567
22829
22651
9307
5876
11360
14282
28345
25467
4102
23759
11105
27333
11247
7885
25780
19255
23212
15852
29975
4956
2068
13751
28017
23648
8130
8095
2992
29846
2964
9590
16709
6642
16941
1012
18851
17551
25973
7478
20675
299
28948
6969
10659
23462
30970
8804
5314
22919
30682
5116
5798
1143
11690
24749
24151
1220
3620
27399
15329
19423
16200
31230
9942
20190
10201
15210
21705
20731
3547
22149
24532
15891
17691
3696
32019
5415
28071
29870
17191
25311
16978
11175
180
19458
30514
14631
8931
10239
10273
26844
11232
11112
22335
16092
14685
8818
31598
31260
6926
15222
7892
9977
31019
24946
3421
16819
2801
9865
4919
26862
23841
15999
19284
8240
10367
2366
32236
8805
14421
11604
3832
17502
24813
17010
31928
26445
1563
3054
28206
31562
12721
17218
20896
4562
14856
29323
2842
67
30845
24331
13033
4705
4082
935
25633
19668
17225
7018
6936
16296
23533
15360
9193
26827
8265
60
6387
9874
23118
17042
29015
14901
28146
26526
8061
23118
32683
14491
16272
21854
11000
19949
22013
17481
18649
2456
7672
19669
18002
8646
26615
29742
2795
15173
2101
357
28467
5126
21808
28652
17208
15775
13867
29212
25873
26570
16813
943
26453
15076
27649
3142
18337
17007
17844
4581
13590
26512
18969
31602
26328
31634
15816
25401
656
21089
7451
31083
4843
27920
6832
30362
3609
13396
11754
7743
27727
17158
12655
20788
20037
16549
4523
12346
13240
19409
2892
20085
16873
29905
31173
29675
6685
18447
13771
28680
16411
26775
987
31773
4273
15003
4786
11740
18479
7665
2514
31198
6378
14483
10244
17950
20923
20766
29137
3195
5246
14676
28679
3385
7315
18587
32315
4480
5472
26235
10561
15836
204
9508
7605
29884
11718
27622
9846
18675
16060
12727
15141
58
16421
18352
7850
9643
20215
13200
3504
11335
20273
6711
32036
8562
12883
14892
26810
28530
19937
30233
12649
12276
16868
28490
3050
3718
28521
12337
32572
15134
32511
26340
29474
27793
30525
12189
20131
29469
25402
28473
9866
23264
2323
15803
31716
7775
12393
24774
2693
26880
30944
22054
10115
27024
16546
28231
12216
13501
6874
30396
1604
14237
22073
29882
8970
14886
4980
28571
12590
29107
27587
19291
15774
9093
10083
13086
30086
22336
1046
5032
29913
6506
2974
9699
9423
19952
31302
2397
10849
4769
13657
28360
25807
12720
20904
21112
31771
9270
10760
18152
32652
9390
1490
20278
5164
20855
20322
18850
13130
24405
23192
27154
30968
23537
15194
17553
653
84
11280
26572
23845
4976
1062
1940
1052
23704
16014
14175
28567
9730
4155
13510
13051
20300
3751
16904
11124
28660
26191
4230
15984
2527
8497
15173
10273
19411
32084
20847
23038
25597
21312
28882
26946
25196
3202
28768
3436
11155
10794
6829
11965
31435
23373
30837
1213
29903
9091
11027
17591
19006
4457
22282
24632
27165
1312
7808
21396
17490
1741
11198
1121
7210
11543
19377
12282
27348
5036
6252
27133
20963
25020
13220
10958
7632
24700
4403
28177
22646
8613
20886
24884
27541
13811
11375
8675
21327
29606
27395
3218
24749
19716
29372
6902
3099
14036
24488
21132
22504
7909
12025
17169
17096
29317
31108
5384
19026
13578
15938
10296
32129
9805
15569
16939
7991
31018
24563
19632
22709
6658
14350
9305
31781
1337
1451
30462
22289
11704
21496
12856
5353
29547
9030
487
12672
10692
9099
24237
31631
11830
32481
11376
10033
3772
13317
26844
28774
16464
216
27103
19856
25972
23778
11307
12793
9388
970
12728
24650
3841
4063
28735
19733
5760
9363
20415
4429
5305
10491
14588
27849
24897
4688
13307
22725
30768
15984
5768
10848
12452
24158
17072
17695
828
28862
30023
23913
24733
19546
9316
19208
6129
15007
28128
27566
19811
8736
5594
5486
164
16659
5429
6463
9065
30671
14360
21885
16363
9044
19566
22632
12134
1987
24676
4770
24730
19170
4334
6581
11853
32409
26690
31371
17863
15223
19547
7156
7508
19246
32119
12579
31430
25363
9369
15409
2544
28319
29192
8345
812
27121
19406
17851
25046
19529
3130
18778
10959
654
20575
16925
17147
31177
22162
4625
21955
14760
27888
18725
19348
3836
28630
6061
20574
17979
22631
20704
27157
30207
23305
32090
7988
22917
5608
32155
11573
15151
20338
15493
20250
28418
17626
29154
5095
23849
2197
29916
17702
7280
28895
7811
23906
7370
5687
15435
3756
25036
25055
4747
22809
19759
11357
28415
12609
31058
27645
19270
14018
9141
29517
32613
31419
10111
16287
1091
22098
2041
22410
17963
20782
2833
14697
1869
6142
25561
23003
21053
752
27909
12865
31858
11322
29552
24387
14536
5781
4247
20300
14847
25533
5404
265
25913
6899
836
20974
5248
32634
6522
23729
26942
30493
27850
26573
11971
168
4967
25601
19651
14955
24358
31438
18901
30906
10240
11516
24053
27759
9876
277
5379
22886
24227
16872
322
23808
6546
19720
32217
17569
28907
29003
342
29747
26844
23883
38
23712
6838
7657
24350
603
28527
11461
30197
5080
27169
3782
8647
4112
650
664
26516
31998
3978
16169
9918
11812
16807
16940
23439
6919
11660
11927
29105
17838
26245
15140
9908
12583
10501
12499
31884
26626
5409
31078
15377
4821
30995
15843
1917
7862
11191
5398
31984
29636
30481
16909
26863
15262
4805
666
2273
14314
11933
28117
23953
10448
3335
25239
3503
17276
11669
1535
22607
14496
1915
20977
5993
19183
21524
13202
21079
30115
26973
14798
24666
8952
9336
21459
6933
29359
25643
8083
8463
4236
4959
18501
10293
6872
17313
29924
24663
6368
22436
18094
26023
371
15805
26535
17213
20840
14950
10516
1429
12822
17083
12800
23823
12251
26368
15802
20590
150
19737
27221
32602
23084
15121
5927
29918
22790
12692
21323
2538
30353
5748
23583
22482
4029
28456
11207
15054
31615
11080
6055
25720
12624
32530
32493
32337
32683
19944
2309
23612
21138
9424
29730
16128
2570
17651
29628
9931
24731
15902
7949
13738
25041
6468
28563
8722
28861
4858
20369
14682
24181
26106
14477
29247
4239
9633
25043
3934
14250
10352
32497
20925
5606
655
3642
15171
21863
4165
14147
24892
28373
4225
14696
20182
8159
20309
27208
30630
29108
24693
17477
14883
20360
27068
1285
29226
11541
32168
23540
7033
15639
1497
10432
1076
14287
15766
18907
3939
12673
15432
31484
1905
246
4092
17310
174
13819
26597
30080
19406
8160
20184
15140
30825
25594
30159
13904
26489
9249
3687
11919
28127
13619
13666
20401
1758
25999
27941
30791
5790
21402
10298
6184
15530
21566
25552
7919
13939
26982
21046
31354
20939
18563
5476
9580
28522
28938
2418
17836
5485
21236
7966
23269
4562
1340
17995
32004
11517
3173
26749
10941
27702
12530
29534
10246
25640
26091
29499
27801
7012
16223
15751
8822
31964
30940
11095
13407
23144
3064
25573
27739
32581
22220
14094
8756
21136
21108
2004
31225
2512
22929
18140
12925
27498
32455
31985
982
8490
29503
25983
3550
6849
32038
6425
22197
65
32299
18419
22845
13474
2565
1129
9116
26689
3307
7542
1470
15196
538
2366
20433
28823
14931
24452
8391
12154
12891
25652
17624
22256
31097
8667
9213
24522
10235
5162
16502
20282
26033
25208
17732
14680
112
10812
9392
21409
4752
22934
18114
6003
14703
6599
18379
29842
23532
18869
18140
5030
237
2152
17484
10427
13785
20368
4150
21951
1310
7676
18681
7432
31917
12836
27062
25547
17529
21664
26837
1190
17660
12975
26241
29207
23986
18609
27431
26882
11163
23725
13819
13103
24509
2252
7027
31177
9632
21980
29642
10209
6608
26062
6526
23785
20575
11833
30674
28474
27488
17109
10573
32398
16749
12288
9785
5766
5154
25916
806
24870
22176
12206
16228
26964
1035
17569
9100
27996
1549
23553
12280
16751
11088
23265
6982
16927
11783
3574
24793
22245
19046
29721
24407
1180
25893
6345
1836
4099
16898
32422
6406
12350
19004
6647
29784
20821
25368
23333
30167
26292
21600
18750
26112
19881
16095
11379
30607
16362
8934
18587
22025
22028
30410
10158
17460
6669
19811
29770
19098
10699
3215
25649
30217
27018
13229
13000
9749
18035
12835
11162
27541
2319
19929
17620
30498
14288
6587
18886
6044
2440
31803
5480
18596
26608
17868
23763
20770
546
22376
2499
29121
28448
22795
9500
9070
24651
53
20834
26077
25580
26220
21823
7685
14255
28600
13825
1182
11043
16678
25114
9386
4667
18246
27550
27113
18384
19628
21192
16227
16412
8306
24693
15843
11073
19637
4263
27254
10176
23828
3332
1264
1282
13620
14165
26215
5587
30526
17415
28597
4834
31327
25773
2042
3394
20807
636
11033
28908
24747
2253
2102
5946
1475
16287
12350
26990
19661
13843
21600
4905
14216
15598
5260
17652
5050
28954
24059
1723
25002
22053
22950
6733
19110
193
27341
28125
10111
20802
15730
7812
5896
15907
25820
2749
9370
11905
2581
29927
32403
25758
10859
13766
15571
30816
26099
32515
14142
25040
24065
11688
27708
5020
9138
11428
30524
9620
13922
26445
5932
3888
4662
19417
17667
29193
20115
24035
23096
29788
19621
22765
18248
11146
30170
25304
23092
5787
2660
20077
5376
10422
32698
28120
5173
25514
28439
29992
1376
617
5114
27857
11664
13191
23204
13353
32732
25535
32413
5102
17371
6255
14640
24767
19499
23063
32746
11678
15595
11998
21279
3700
25152
9484
7269
27277
5844
28049
7447
24344
14930
1661
27859
12713
14315
30086
2044
21174
7380
4742
28217
28701
16069
25082
20725
6045
29308
32643
20957
26968
21048
6249
20836
23128
5183
30227
19778
1798
29017
6288
20209
5556
6994
24850
27183
10517
17275
19565
19327
25280
12586
15772
22184
30129
26678
22589
21812
18631
24443
27408
13554
10567
18268
27260
22132
3415
24636
31498
27538
26244
24836
3047
26085
1085
28064
359
30029
1621
7554
28541
5740
24453
4638
25667
12584
26600
7532
17016
18221
32638
30825
11261
12905
16553
2454
31831
29582
17075
15223
21297
4244
27718
25365
11991
820
22002
13949
5820
14189
15530
21311
22004
6659
1095
21744
17851
14075
18948
31657
10220
26657
1793
25221
4490
4994
17088
17958
25915
31218
21931
23345
24008
5512
15244
13517
10399
2076
30227
15144
4177
6608
32595
12787
14100
18308
19525
20193
24898
24928
24388
24619
20440
14671
27280
783
11000
24958
715
27213
31847
31457
24959
13480
14864
5038
14230
21355
24703
5600
4064
226
7527
17845
16785
18140
2588
20528
29376
5424
30234
27032
10985
26677
16764
31735
30059
32584
18310
26012
5131
9033
22812
18330
16751
32030
18248
25670
932
31791
32183
3517
3737
19689
11581
9308
13986
24380
1613
9542
29430
32029
898
18657
28721
28932
17433
12633
13011
15470
30324
10524
18878
24156
21144
29020
4284
10707
9392
8337
759
11354
26504
4340
7551
9343
28435
24325
20936
2130
8933
30726
2089
7144
18618
14461
12894
6106
24301
6838
28167
24515
1794
30015
14118
18629
29
18794
10917
28677
12680
8654
22734
8491
17713
198
10193
19683
21033
24305
17986
3934
5926
14768
11672
18130
17666
12715
13487
14837
22842
14669
12871
20102
2160
21315
12163
20421
14570
24833
10858
17654
3345
317
26729
22498
32242
32370
22735
19285
1472
19806
1872
417
23120
7045
7811
4890
14235
28076
31332
29848
14912
20062
19155
11768
18943
3178
17939
8347
5183
2403
27468
24037
5769
6175
21769
3519
14603
27448
7098
25878
30999
5006
18483
11354
9121
3780
22059
22016
8132
26046
18110
9472
18749
23337
17132
25431
23278
10739
19992
10375
26973
21455
2185
12306
27955
32690
492
16387
23997
26713
7121
8037
23406
23233
31786
7369
27227
17581
4047
9412
15549
21283
7420
26735
3443
8431
26065
5093
2686
29983
23249
5321
20355
4485
23907
28862
28748
4408
4692
11244
4935
22292
17492
16258
7173
3125
22133
8238
26045
11904
18095
21671
3527
12058
16478
7204
20001
8431
16066
9442
26605
30508
16254
21153
7665
21446
1305
5415
16149
26097
27009
20156
16617
22697
16515
19117
27165
20780
19028
17354
3335
32126
13835
31464
21024
13028
13348
23903
4743
7273
6399
15244
17021
31068
3935
3920
27623
27600
23276
21135
14543
22299
10929
26035
3555
20056
31646
1574
13557
4837
2823
21724
6009
8933
22820
27847
2314
22463
15247
2400
8678
5278
32713
15653
10605
1263
7605
14357
4262
27365
31259
7734
31929
32248
14630
28175
24950
22882
8422
30510
11213
31393
3023
24740
31828
20472
27448
16260
29125
22253
23006
15720
892
19148
15967
20204
27645
25379
32191
31280
9068
8772
15845
11610
27156
13255
14367
9490
25313
23301
7066
25348
15845
29086
32747
13410
29399
30196
26506
18528
2959
10669
21073
22198
32395
16437
24577
22049
6510
7482
701
17122
31611
9006
16781
30013
8222
4552
2780
2043
31076
29827
5882
20201
6782
8478
23195
23895
29250
17946
2391
7321
5546
2368
10280
29322
6739
13848
12271
30724
254
31859
16367
16233
12307
16098
24656
11038
32281
28988
21661
21514
19519
1820
32327
27
12503
29280
20256
10433
12757
12715
19424
4466
3925
28388
7844
28196
7698
11702
14698
6614
12783
2574
2198
23815
6258
1696
13680
17469
9028
27489
30883
1664
17075
13326
31936
31708
12336
3748
20665
9187
10449
27110
27238
15400
14288
5083
14596
26309
4362
26701
18353
24790
31617
3915
28657
18683
19418
19368
7212
30170
28384
22905
6701
23707
1023
23707
32165
1899
1993
24363
4774
7162
3701
24588
24616
29180
3675
29028
14984
14764
14970
26399
26116
12868
27890
5483
18752
28806
8586
7994
12228
13622
43
21700
7291
21405
30563
8706
11318
10248
26339
3380
2087
7751
23041
17755
26727
18479
21047
16576
9840
1049
8610
27499
24483
13152
21892
26029
10179
231
12482
21143
19320
14224
13927
13952
8910
10438
17439
25987
29619
8948
15549
511
25725
30731
17078
2837
32353
5120
675
31533
16381
9036
3523
30322
16335
18795
17526
2385
24251
26461
20675
30462
2697
29224
12499
6127
4197
22868
20852
18527
32605
32110
14487
26316
6886
13957
16338
25209
23896
27312
24287
23021
2670
13446
1563
18802
20935
6564
2312
18839
359
20779
6348
23983
18486
6719
20143
21072
2176
8841
18081
11221
14963
31926
18865
9436
24228
9974
2199
15560
139
8573
26156
22079
18691
5382
20972
26029
8395
2379
12923
12224
25351
11150
24605
6123
8127
9492
12092
32483
28255
420
2790
12581
20533
9740
8012
25965
8951
22172
5188
19264
9018
19881
22472
10596
32508
25100
30838
3170
30747
15776
4110
1291
5852
9160
15862
30448
27749
18407
12729
30441
25922
13285
17795
14735
11236
16049
10407
4545
6941
4793
6682
32547
16550
17523
13045
19610
28570
30936
16631
16082
25336
7140
12545
21176
28708
10008
2456
3072
18790
30712
30054
21408
20586
13965
23993
26195
30911
19427
5378
21272
14936
26764
4440
2480
5134
6940
14067
31011
7707
30379
12977
15931
11425
18774
25748
25096
545
25278
23105
10331
4612
27271
22915
28234
21270
18139
31431
6322
8710
4836
21406
4784
13287
9557
12605
23591
6322
9954
25344
10302
19906
14532
5347
3039
24662
11062
14855
15417
8210
17402
1844
23871
24958
5333
32081
24615
20614
25103
1005
29163
21241
6388
5049
31179
31498
22101
28940
10185
2514
32007
30302
4908
460
23651
28365
26878
18775
26309
155
10893
23864
30733
10158
31726
4885
11297
16399
629
27643
17769
8299
21310
30424
9041
17557
29096
17154
18635
2050
24021
25263
29386
28748
13099
32122
16072
1967
22230
29413
24897
18319
13892
3281
27702
4848
5543
16904
9643
16637
28278
2227
28201
14210
24044
14564
14141
5489
9095
32526
2551
28001
12171
24200
7532
4106
16765
17421
32052
26314
5801
10303
16364
24099
10396
16927
19893
24635
31658
18839
14004
24411
32105
18928
6544
28785
29492
1116
6647
30094
30889
25198
26393
22632
3627
30877
21035
21720
14177
6340
29926
21341
10678
29861
26629
21400
2775
20577
2507
26318
16183
17666
21626
14954
18574
4850
17629
12920
13398
1152
20671
5162
6733
24674
28018
16471
10998
27694
9801
32247
19992
32480
17182
21672
20797
9047
32461
30509
9780
19160
19894
15850
12687
3977
13375
12648
10534
1783
11600
9431
658
9361
8406
24711
29107
11307
27201
23662
30507
13436
28421
2726
32480
14751
17692
12780
3710
16278
27010
22562
1011
1218
1720
15565
25585
17517
19267
25496
14447
2369
20522
11983
32553
4046
3963
2532
10267
14599
27334
9198
9226
3269
16800
14885
763
19523
6177
29288
8890
5281
19814
17847
27988
4449
25105
31417
10141
16109
20164
12343
20395
15631
27306
30623
2905
12663
25070
32642
9926
14904
15425
19990
8915
28747
29528
2997
21416
31243
6508
23900
3888
11704
4025
20269
27544
17397
19711
20205
3540
6729
13316
13958
2074
1441
31248
26247
18532
13516
7535
28831
5875
8958
27635
21030
9415
6734
6511
16020
10792
17976
26173
31240
5408
22043
21945
17346
18430
12220
29892
20649
26580
12737
12354
21958
15098
1591
15260
8903
6026
1294
1855
19581
25058
9879
18202
26462
6949
1548
2340
20996
32697
29704
23508
4012
13770
6411
1192
12984
3014
10232
18079
22318
18143
8342
14526
11574
397
8722
11406
5024
6665
19835
9372
16987
12499
14405
23289
1279
14125
28359
22456
1348
3485
1725
6002
9609
12911
16839
16837
27471
48
16360
28624
31163
31797
16903
697
7191
13586
31857
2599
24657
12579
31061
15048
16762
27911
2887
29901
25160
27167
20414
23145
22421
19731
16790
30294
734
3150
23439
29264
31941
11901
19148
23959
3984
6420
12628
881
16807
28361
30868
20902
28698
32279
13276
20227
31000
16316
4829
8663
30329
25916
25649
9849
2102
30556
10196
5568
12011
1191
12707
15241
13916
24556
23524
15669
12269
28350
18878
28712
32040
2035
14780
16459
27195
25125
26702
9867
22647
4660
584
12120
30931
6594
10081
4391
5735
1462
31925
21232
28913
7354
20292
689
10067
7613
18033
31721
12818
3698
9859
15901
28121
6606
9000
21335
13813
32398
16877
18082
3799
3503
19655
10895
24724
14580
21645
12211
16744
12643
17275
19239
20527
5576
32689
27911
7914
12593
7602
18163
11584
18800
8933
8849
29435
32156
22552
18441
31367
13457
11256
29831
2934
7019
9626
24765
25854
13327
26357
22366
2169
29602
16229
23460
5093
28944
20010
24523
11362
9094
13543
2964
30902
12536
23076
4803
11212
19613
15308
7073
7985
9582
20911
13690
32150
25770
1
24352
32080
15445
6617
7527
10971
1460
29619
8615
17235
28626
1519
61
7929
15870
8016
30474
11189
5707
10110
17395
30606
24591
29060
2911
19251
12901
7763
20156
21621
21163
3901
29434
24779
17156
26746
22286
10189
24791
9126
31344
9657
4942
12865
13214
1521
2520
12334
30359
7547
2728
9781
11105
30080
20788
23681
5252
26062
31926
15650
17804
16214
3758
18060
10634
1710
31070
3607
6547
16015
15949
21117
832
16984
7365
7775
7981
12426
20565
31424
14202
25930
24399
12680
32333
1250
31051
8194
29774
5696
26018
6494
24362
11638
500
22832
20496
9784
20643
1520
14903
28258
5973
17272
6486
24687
3446
21897
10282
11778
6836
21062
9972
23137
9601
25783
12792
17653
29076
8007
10239
17356
3688
24135
8406
19991
21948
14953
29645
13996
31249
2885
20025
30340
9520
31191
23026
1854
9889
8959
29654
19867
12853
18944
29252
5120
11901
6914
31649
5368
4944
32145
27863
5551
22601
30491
20433
4216
29510
7541
25088
28487
26346
6487
10969
22071
24860
14555
8789
32262
27015
4610
26479
7828
8216
13615
1706
26984
2946
28586
20616
5163
30653
7710
16404
29483
25731
3868
29017
9177
978
30102
10217
18251
18541
27492
25943
19642
1115
963
4029
19461
5990
28113
10295
28717
11677
10002
4454
29144
3539
15854
26094
8654
30749
9264
24312
894
5208
4489
19120
30586
28833
30219
4808
30199
4059
31918
21236
22862
2092
7631
32620
14461
12672
16812
7021
20903
25605
29417
32696
1168
18093
8462
12562
23842
11696
29447
18114
11755
2311
10658
24854
15004
25330
4628
12254
29323
28274
2165
2287
15154
9680
2623
3745
19118
30996
22739
26194
4673
3215
11253
32481
14544
1874
29771
26420
9574
29108
11745
13490
6575
9168
17064
31177
23678
17413
31986
19562
29767
21876
2551
23688
29094
22149
3156
6813
18902
28515
16007
28196
16699
12411
9588
31776
26073
24833
21219
32148
6618
23915
14336
9737
11788
1524
2009
6667
3168
15642
10724
30124
29292
30240
15478
25343
15338
21389
10061
16542
15671
21931
15879
22565
11733
6409
29352
9397
8937
9466
6168
10610
6590
18964
13475
22533
4672
4273
25719
1819
14722
14193
19498
30948
9273
16823
6961
29077
6462
5671
7786
24038
27664
11566
25235
2452
26447
20346
26320
26081
18242
25726
24361
24591
17491
20719
1802
18408
11662
25929
962
17977
4901
23627
22276
25427
238
26999
24937
7561
18659
22420
29931
4020
23969
14123
30571
10162
15594
7437
5421
27874
27172
28875
855
22186
30935
19261
21109
13042
10035
25852
20728
7334
2184
5351
32178
567
16332
24226
2652
15387
18968
4370
28177
13129
22827
29923
2000
6078
15845
2818
20733
9978
25293
23331
8161
643
22157
21052
31269
5729
26224
12552
30555
4001
18667
2694
13173
25299
22545
21111
20812
25227
23581
31715
3355
26083
26092
10132
24321
32503
14720
25242
11650
16744
18559
29893
4102
6363
15538
16174
8537
12151
4742
10927
25130
25706
17294
9830
11148
21092
255
13878
12664
26138
32307
4422
5449
1220
19238
20608
2110
17056
16124
11539
32251
10605
29305
20210
28425
3824
19079
11091
11089
31603
4788
29488
15525
8257
10162
4553
22840
24107
12757
15136
26144
23559
28568
2684
2523
11563
4121
12518
20167
2038
7576
13231
21929
3144
30715
15081
6183
6660
24397
28649
15182
14229
3643
27595
29197
2151
25750
13806
28599
21353
8660
21108
27269
6546
12174
24771
11794
15449
31747
18951
15837
13371
25748
32685
1994
22328
12358
18922
9890
12119
6723
9778
13455
24862
27737
13761
11680
8730
10618
15381
25163
16221
18490
11634
31206
13307
32084
19805
1325
20364
5670
23842
8383
27822
25392
23118
10144
14208
12953
19765
30137
1063
23210
10093
14932
13644
21584
12881
23200
12956
26014
3455
25651
28488
23625
15706
3971
131
22571
18825
21100
17414
9665
27510
685
5775
10413
19665
2155
6749
22068
22026
8364
3510
16320
3290
12253
12641
11615
699
9293
16173
18499
21355
26799
28776
21824
13165
26268
5225
32594
3720
6415
14086
12820
13894
12007
22302
1097
8309
15721
11537
12887
13738
699
323
10439
12218
14442
4765
7879
2111
30181
3339
16552
30489
8960
4095
27232
234
31346
17645
29193
5528
7255
1485
608
16079
12462
5020
1350
24189
6620
23771
7747
32084
14119
21518
13566
10571
14140
22078
4038
25630
31402
8568
32269
8649
1637
23372
4840
22289
1603
10063
28560
6139
24450
19865
7651
18003
21313
29000
31460
20518
12547
22267
12599
32328
6447
15192
17318
21199
20370
14726
10142
30614
7643
16819
28594
15548
17950
8079
1560
10018
1362
4304
30503
3824
9682
27564
19423
19985
8672
21858
29793
32434
22046
2225
17011
18887
17427
11359
29693
17798
25772
14772
19854
25577
2744
29436
17624
28976
21867
27145
15152
8798
13020
5806
18447
13240
29319
32069
5012
5961
26571
25898
16639
13152
7277
7998
26935
12559
4884
23653
9541
23214
6603
5128
10455
2647
11394
31380
27838
10344
26508
2041
26992
14852
2594
3628
24967
32657
2271
24485
15424
9019
12355
1505
28669
30576
22321
2017
31939
17762
8560
16553
30397
11145
21037
17859
8375
3102
11895
23994
5796
2977
28610
1695
2073
8020
18021
3207
719
11197
27676
12298
19749
13096
18055
23750
20635
5154
6569
28634
5208
22528
19049
3692
18341
4438
12564
3108
23664
19072
31705
25006
12746
1052
8524
13115
20074
17294
25316
26369
11048
12667
24445
19382
3458
18511
13783
20249
29210
4791
14101
17514
1845
31271
10558
15085
14142
9557
6592
25707
17217
26300
16360
2992
28017
15130
28523
6926
13219
22515
6880
13016
6608
18956
26179
20456
1175
9200
18803
539
9145
15470
17077
13007
27803
32025
6448
31596
9415
16583
12143
3032
31851
16914
26082
8449
14552
6618
3421
2903
28420
19905
27031
17742
19977
28334
17324
6625
31140
18251
3228
23306
29880
6791
4042
10315
7112
29205
13694
17705
12160
31978
21859
32683
28460
32195
6409
9951
17215
18845
28260
4438
30670
22074
2635
13219
1810
22691
31482
18143
29674
29601
19089
32552
13399
30275
12691
21022
11262
10843
22888
19812
13993
13056
11995
32037
17094
31502
17564
25228
31719
13217
17855
31307
1344
25246
30779
21269
17452
298
20332
13348
15016
10801
3730
21428
29142
22752
31568
7558
29820
14123
8238
2398
22915
31817
7959
389
24184
23347
5083
22856
4622
296
1710
21367
3738
9259
28327
14566
17558
8580
17475
32495
21790
11323
9183
32239
31862
2976
65
14277
3202
27078
25872
11862
30541
12803
18775
18955
27011
32626
29191
20561
29942
7025
25714
27160
19229
3107
26832
14933
1936
13039
7357
1153
2701
31487
5561
25367
25462
6082
5031
3610
19281
21355
17231
12684
12103
28016
4316
21496
19237
2315
2654
19689
21470
11196
21065
19313
12807
19397
8693
27811
19546
28333
23580
25113
25140
22462
12127
10350
30230
18055
18625
19909
18472
17754
5674
18497
24753
1999
6373
23691
10912
22847
18466
5199
7687
6986
886
17599
31386
21586
5462
9486
4660
19965
17823
29942
9043
17335
31761
13108
17303
8494
29391
25606
23111
20692
30945
26548
10956
6752
17586
24836
28467
4429
22163
11203
687
4954
27446
25411
7189
22280
32307
30936
6239
2592
23687
23131
21802
42
18191
10407
6968
28918
9490
32286
6382
18199
18100
17701
27862
32356
14212
7843
16415
4725
8431
22662
28952
32044
15562
29758
19897
17705
22477
15680
24090
7252
25618
28549
16121
3671
7066
28169
3129
16162
13000
2380
23390
14693
6884
21972
17938
19737
21658
4776
1186
32248
21112
8151
6273
512
27507
1263
1732
20468
23907
1927
8869
15835
24450
20918
26625
12159
17649
10393
26074
21743
12083
13008
14549
30974
20656
20225
5565
24513
16179
31316
25598
13589
22125
18166
26667
2839
10864
25239
32376
26794
2613
11499
25921
26612
4630
24108
6017
25825
20052
15767
14172
15263
28050
26603
2197
5920
856
9709
31512
20380
23186
21222
17778
22796
22542
21283
3924
16815
27905
6772
11285
16521
6531
17070
25900
21471
32526
12842
21689
28605
771
21059
20477
15473
294
21979
25054
25869
3613
4055
21860
30184
18932
22942
20543
19229
17052
2463
32062
3851
26215
31176
18137
18643
1678
7695
8616
31453
27051
10989
26346
20820
28223
19422
16127
24741
15661
27106
7150
29700
3133
511
17376
27623
28827
3005
27555
11401
16725
28584
24872
7272
2529
3538
17926
12999
3220
21583
23028
5677
21804
26039
21843
19172
23367
20391
21410
29051
13545
20799
19975
5445
22778
12710
9677
2776
29126
9858
16096
24206
16251
19072
10835
21255
2735
9170
24795
28581
9943
15020
3409
7951
1233
16326
26420
23983
21851
17118
7460
30772
15257
31027
20328
23056
3988
5130
6761
27643
12469
10029
12597
622
26702
8039
2045
23593
23569
18697
3736
12462
4247
26216
31486
20163
31706
22109
9165
19188
10171
19139
27335
15887
25726
3837
14161
5030
2889
24173
246
26769
20649
19198
27107
31081
9996
13211
26984
8461
12616
19126
1661
26401
17682
11458
8763
7818
32136
1721
21086
5108
23976
19607
19402
19532
726
32733
23811
21318
26459
1551
30899
6616
13536
3894
20520
25789
9975
3166
32211
19188
32146
13849
16331
17470
32650
8955
16968
18339
3354
28188
31272
31213
16993
28057
3949
27692
10723
30995
22461
27184
32521
16430
24801
22802
156
12563
2886
9644
21326
28399
13439
17180
29745
22642
29121
14661
15166
7761
23141
17230
28112
27077
25194
32289
24870
4873
17649
9965
11493
26591
32447
27045
28051
524
22718
16255
5917
11735
636
23925
22353
24718
15531
12999
2149
16130
5023
30583
13166
13318
10707
19147
8938
5876
4708
25039
1335
25127
15252
17873
7962
31106
26953
8932
3641
232
16268
9821
7073
17090
23818
27992
7745
9852
1430
820
28012
14088
23717
28691
25435
14681
12241
22363
28585
21225
20823
9784
14805
16436
664
21015
21444
6971
28316
10028
31804
12802
13450
9966
29034
27922
561
30358
21341
17912
16003
23971
5768
19908
17428
21593
1604
17290
11167
8765
22348
15077
9858
3226
19007
21103
26941
5376
24098
31306
9718
18368
4827
19099
5880
6769
15287
27145
6448
23150
25061
1090
22191
11093
14072
20598
299
5513
5993
10202
7294
9393
7443
11303
22820
5687
16821
32280
32449
6090
4468
1008
26266
5597
27990
16369
1559
6694
24008
14054
2375
14880
29977
26266
32092
5513
16892
19551
2858
25828
21002
31624
16812
6135
17470
17391
28800
1102
27512
26736
4710
9143
250
25963
18373
25285
26350
18246
24870
32589
31453
4329
31158
30444
30777
12865
8649
1407
27349
3773
6482
13225
12648
5076
6763
30032
4110
24445
13267
22560
21190
30389
13163
16903
32757
3069
8376
16311
6881
21977
18277
25383
30263
30035
20926
12818
5766
27765
29494
9335
9410
9427
8929
13080
28866
1534
26106
30203
962
7186
10847
21228
17121
20009
12560
15352
8612
9445
2228
32243
25713
8427
6164
7923
29461
8546
14494
19667
15167
23161
24803
23474
8963
23518
24345
21617
2904
10055
9114
4920
25242
22253
7011
30193
18184
21515
6806
6860
14663
7524
22264
11962
24285
7611
29300
19441
21687
4696
5526
26734
4516
394
6673
21614
22744
16671
17721
18677
15466
3310
4746
1607
12246
11598
3615
626
10876
11676
16188
10178
23070
8889
8901
9034
25958
393
13764
17250
15966
1397
4070
26148
1270
9961
3583
30701
31106
8663
3202
482
32569
3123
12810
18537
11959
31861
18900
31148
30843
16410
11842
27674
22378
8740
17241
27877
4938
16789
324
7813
4936
30711
3791
26419
16500
20439
27629
28527
30783
2885
11314
12411
3843
14934
16730
4829
25211
24995
21952
7393
31815
12487
14056
12564
17514
18661
20470
23754
17355
4895
13364
13978
30391
10016
14736
19677
12126
16787
8987
9266
2129
19114
23435
17917
26378
27800
16314
24291
3685
14871
31013
27984
16671
25827
26734
32753
29790
1084
8155
1082
4649
27496
28117
9441
19435
4143
30569
14433
31988
349
25290
16248
7416
27972
4557
29609
17038
14392
27755
26043
13746
8977
15171
11321
4676
428
4629
8688
31366
362
19016
13428
22946
32687
3429
17050
13858
28772
28570
2815
5238
21622
6713
10880
26994
16469
1590
10944
7373
29302
18092
8358
7075
31185
25432
23260
31476
27748
17180
8273
10787
11694
9854
32440
13688
17716
12839
10502
6302
17664
2404
26104
8485
16413
30888
3723
24833
20764
12296
7297
12553
12434
3517
18659
17273
23448
30886
14970
18033
19018
19139
17493
5748
13896
19388
13382
234
28984
15192
12644
5790
19266
27654
10890
3648
2450
27991
21719
14052
27865
18050
14893
31361
18381
16607
22450
28787
9637
17004
19538
32762
158
14411
5946
4793
2168
4418
26206
22328
30970
18489
29940
4962
106
32448
31223
1799
13845
10119
9894
24155
8397
16612
13570
13430
19814
8016
1619
9682
30008
18410
20900
29392
13472
23283
25154
12851
20863
3664
26177
5026
4537
14347
19703
12843
8632
26834
13695
30395
2791
5751
27959
2727
14903
22126
32322
23078
5789
10322
19975
9940
10129
20577
19376
10801
19345
16891
11948
18464
32412
6695
17710
20841
12472
10765
21164
22071
11372
4477
32352
2203
3399
26983
20938
12039
18007
32353
18220
9939
14514
6948
26637
30395
23025
25359
31671
29023
27312
15523
17849
26562
15631
19461
21605
27596
2868
32128
24403
8904
24007
8192
13788
10215
629
3991
15776
32443
4717
28668
257
5564
2278
30471
19877
22726
27031
18230
25336
21401
30525
23084
12455
25688
31257
31532
9511
32267
5743
20898
3116
31517
13064
31643
32050
32735
28593
14408
23032
27907
11194
8831
23807
25121
7288
31546
14351
20534
29635
1046
17075
7200
5752
27092
14520
20771
25336
16092
2226
25447
1960
1461
12919
631
26991
19342
13730
31683
6715
21177
4114
11551
24445
19754
19560
1859
18600
9981
8332
8265
21941
24813
7208
22066
11682
31453
26412
353
25838
28243
4168
14110
21535
14584
27509
7189
32317
30490
109
18132
1876
3626
2350
12880
15094
26430
123
16481
8886
14736
16475
19521
11438
25853
12440
19729
25082
23687
1345
2132
11579
8403
3369
21618
12565
19116
4197
27447
11953
9598
16082
19537
31803
23003
11917
12245
2917
10234
27256
2235
32739
12851
4284
5981
21997
22405
322
3068
6336
7696
7225
14651
10525
11675
4243
22178
5064
23055
14983
21277
30731
15866
4625
14202
32305
25869
10605
6383
24075
1694
15264
7057
30062
20519
19183
1246
28338
16325
20326
24116
30517
3770
30035
10071
1494
11243
27592
6383
12666
18019
17180
30471
6027
26574
23402
29584
21108
7935
25360
8412
38
14955
25906
29732
22679
4779
26677
22530
21565
25854
7236
20215
25239
15812
6607
9702
12453
29444
12295
13976
32619
12007
17251
14902
2673
2619
15389
11218
32326
14065
1206
15070
32505
15007
6254
19891
16030
14591
8653
5131
9167
20078
10525
10631
40
31342
21229
18474
22218
6693
11920
2781
13017
29403
5276
16361
3582
19584
5483
19328
18150
7203
30621
6708
10177
15996
18068
9086
31940
16996
28919
31800
15015
17239
30512
31011
13607
21497
10734
24931
25989
30862
30883
12542
16646
12672
20487
27488
8049
5597
2195
32218
12692
32214
25863
12830
1983
15681
8421
12485
10311
28184
3827
5065
13829
19192
18365
2316
9941
6564
26641
1231
2583
9599
24449
1083
24369
18965
20196
24540
31754
3474
30422
11808
913
19273
13875
13789
27700
28207
6304
28872
5738
15197
29954
7679
29481
11410
7173
25728
14960
23215
5782
1456
12735
30777
29801
8149
666
23514
10868
155
8458
6880
370
1939
16924
13244
5217
6320
25183
18564
24325
7880
23658
26994
23651
7705
3924
28516
13638
22209
5434
26202
32445
30533
2493
2042
2203
24331
24705
17935
15350
28895
19376
25862
2473
30066
12917
9840
26834
3543
14209
898
25940
13828
20361
30616
15958
22359
26565
23214
5314
27406
7282
19429
10695
11470
32594
11268
11608
23837
28199
10229
7338
5096
31036
21316
12474
8957
23004
21155
23749
2194
30936
5737
23758
29117
1285
9486
21531
19705
6588
30128
31672
27816
30041
23185
24819
14731
16316
31639
13278
30027
24779
24779
9681
3316
26350
3290
22501
31605
32145
10135
22906
15393
29606
14455
14002
19761
21025
28948
5875
16960
633
1962
27497
26317
1326
8605
11649
28861
14397
19953
11631
17110
11693
4049
28842
16197
4615
30985
8299
10777
8917
21643
2097
7109
13610
24814
9280
930
19482
6890
16413
14955
16189
6109
9491
9407
28976
28745
22706
26019
5653
14932
27467
8445
2574
5191
22133
19994
14277
16144
27530
6697
3815
18624
21035
23229
2724
18189
5816
4175
18481
8656
18649
30906
11591
28040
10744
12733
7842
21974
27588
27517
18050
6143
32432
11008
27437
3438
28786
7347
21866
17967
23173
30437
18184
13172
24743
27722
341
25108
16219
11896
23463
17671
27239
109
27095
4075
15191
22792
12993
8579
12281
5515
30406
32306
14560
15392
1610
23172
6113
20049
10294
13734
20121
11149
4214
1001
7397
938
26236
26947
3943
22878
23483
974
7688
5317
21038
17991
23153
9694
4815
25232
11920
14094
5152
17454
11034
28571
20645
6859
26115
17970
11623
29878
26887
25442
28787
26974
12325
5151
18265
21467
14367
19520
23982
7525
7419
14593
906
6107
18564
25473
25611
26685
12490
25413
19408
306
9886
8371
32638
11651
13335
10136
8767
10910
2832
2467
11326
21268
935
20712
28972
22811
10944
606
14014
4365
24704
12385
23341
19431
1746
7472
2997
16842
16358
28016
2838
3198
15532
27304
2070
12778
7005
21954
1021
16030
22003
18832
18711
28745
16556
11589
28982
28739
6283
14072
31789
7684
8663
32293
30294
27051
22170
7724
12045
15992
9508
26831
32563
32082
16005
10424
8108
1858
29974
29681
4065
22518
10992
3690
3135
12351
20595
23671
5302
20627
29377
25935
826
17292
23105
25998
12870
14439
14621
29107
13140
28038
27076
10403
5478
10991
