16012
26318
9684
20924
17860
19539
25209
26680
11350
30607
6732
22882
14681
25927
5455
14909
7895
29912
12981
4254
9806
30896
32103
2989
11567
5843
4224
3175
29026
31063
19409
32287
11712
20201
22621
32504
1687
6982
31965
22636
17961
22467
16958
18377
26926
25542
26654
5807
31565
17738
10579
915
17319
14687
20580
31295
16717
5287
7182
7247
30661
29658
29632
6582
2952
15427
27679
22839
11911
27713
7043
28908
23714
15303
15992
28355
26671
3292
11327
28923
22137
11291
6986
3755
3134
24884
13763
4156
18992
20330
32261
30699
31092
9747
801
23112
18471
8476
25947
1721
5588
22914
10923
32759
12287
26073
25404
17551
24221
19145
7664
26467
16538
15244
11482
30759
30802
10865
14787
15333
10264
10589
10918
13689
16050
6724
22067
32277
5082
12212
2128
28094
21695
15691
22163
5069
16514
22588
17609
32624
13497
18382
14707
22566
2544
17884
16964
17990
16419
3926
10404
11129
31557
17598
22063
11067
20412
6829
2359
862
24291
23116
22846
13447
17286
12763
2941
31407
20074
21805
14176
5539
4802
28201
15111
24965
17083
23883
32710
16201
23537
18977
3750
19768
9207
975
29923
28528
29908
12684
30827
10338
22912
21282
7269
16723
31339
4466
30120
17116
23031
24302
20287
15722
24825
26652
7916
25022
15163
21530
18850
26990
1021
21780
14346
20322
17007
2256
15103
22616
13881
10531
16401
27489
29684
3193
22022
14946
20910
30288
340
14996
9065
14269
24744
27908
18332
8167
8547
30483
945
15495
17432
2807
12422
27246
12559
8248
14060
13823
7364
31796
23595
2993
15465
2716
24188
14478
19040
1524
24973
15030
23234
28695
11009
25053
32730
23217
12013
16328
16043
32707
27740
26836
21350
10787
6604
1136
17909
28153
8623
11678
20083
12611
28395
9078
2481
1105
2394
18850
32179
19018
586
30947
28208
12710
12542
8075
278
31921
16171
12801
13060
6671
1404
27456
7118
3378
14351
23896
764
9957
25334
20972
17483
3525
14007
31410
1067
5826
9420
29174
13375
28067
19492
2839
26592
3455
13728
29449
30875
2373
24727
8401
31406
9269
8018
5644
399
14949
17296
28520
13413
31037
6915
17705
12940
26618
15313
23462
18454
16431
8469
9161
29253
5695
5979
2963
13329
20965
31015
7829
15016
30380
15215
30328
20969
15479
18973
31607
10473
30714
13454
29919
26223
21311
10773
27030
3447
22051
18040
20625
12722
16086
11890
4444
31747
10846
31792
21654
32516
3349
31700
9330
23424
31526
14325
23863
13558
16660
22045
28096
30236
19507
17225
26622
25946
25389
12396
24945
2379
11903
24301
9139
23871
4345
15653
11501
21947
20545
21218
95
13560
3408
32230
18141
12128
3316
32360
16205
24596
20556
21394
32554
3433
32080
26625
771
15718
5958
3657
3836
6728
1870
19823
24396
9982
29911
32108
10430
17325
28199
13233
26929
557
24791
32669
2072
19082
25172
30472
18170
20356
18528
4796
498
21263
4495
23287
16432
15060
7627
25579
5239
29870
14032
6718
19869
11054
26800
24458
30478
18967
10832
30429
10569
21219
21993
16698
10849
316
29064
18966
24190
16260
18319
9180
2138
27470
20274
5226
22980
27106
25850
4498
21536
3261
21318
3482
30949
17935
10949
5052
18973
11579
27389
13478
6889
21338
31430
17147
12283
26553
28880
24529
12313
11350
11289
22321
25761
14951
15480
19610
18943
5843
6933
14206
28729
5814
13038
12227
11108
5089
14676
2627
5164
29016
22124
17741
22608
28627
7599
17698
23331
21054
22122
24697
9740
21049
5182
15611
10503
25752
8097
31687
19234
19940
11868
13808
19201
1752
27659
18682
28506
28901
21151
29536
1914
23215
21215
16657
15294
21645
19683
18414
11803
21773
22680
13390
27286
11629
24127
9595
10188
20003
32494
23090
22380
23383
19725
11558
1720
4451
21722
24958
3848
31066
29926
16210
5703
28030
1685
50
24436
28104
22178
2976
27425
17508
28057
913
26616
31283
10331
8432
29489
6983
8349
24602
10525
19306
25962
32099
1439
10904
924
16783
5293
2432
24167
7770
29395
28167
22479
6897
7600
26565
18732
4215
5240
13446
19373
13953
18544
13514
20690
32666
23925
12357
2801
17855
14965
27231
9650
18148
27124
1718
20114
29038
19081
15767
3428
182
3935
24713
27851
27021
4276
11970
29378
5810
27741
31152
26900
30046
30272
6514
30180
20921
30936
12636
1063
866
17845
17526
31781
27114
5625
6653
19451
14681
15068
29152
16412
5800
7721
2372
11211
1094
4799
28417
24995
7828
29970
10276
31759
10344
7079
9323
30162
26509
6043
715
4736
20801
17692
9709
5891
1718
11246
6317
21016
8594
12263
17050
29903
20591
4468
27769
15118
17244
15890
5314
25615
26714
28885
5153
31453
30688
8933
4597
28379
20823
19452
18645
31805
10142
29418
6918
25741
32135
3601
30470
30503
29272
13289
3077
27069
24140
7037
20071
213
16144
27884
19523
2118
29766
25065
20967
7102
19461
13883
24145
16191
24406
26685
26551
18333
16056
18783
28672
4866
28318
24228
26953
4458
13292
4386
27234
7463
12413
11909
13134
9054
20384
14733
454
7304
663
2699
13750
21747
19735
16360
17854
1342
8650
32413
947
15072
3792
700
12572
4258
14905
32742
25525
14112
11917
20947
14831
19788
30532
31949
24430
2283
3406
32309
24970
12054
5005
27901
21455
23738
25430
27180
17533
7961
26868
24925
264
23623
20516
6464
10904
2989
154
5143
6794
16009
27259
16442
5870
30828
8928
30868
22280
22459
20570
21796
22479
3631
26472
19325
113
10581
14083
8007
5836
11023
17682
8892
1014
29201
31478
18219
26806
29284
8704
32120
521
15846
12278
26265
23966
23752
25490
21531
24155
30223
12546
6299
4310
18452
32361
10318
20444
28932
12380
2425
14573
1888
1638
5369
28861
638
18309
1725
14261
29446
16043
24135
20081
2934
1854
3887
10816
30879
10648
416
31143
2597
1928
25305
30941
11011
6351
17837
5712
10757
30627
4867
26399
21068
15664
19031
27550
21454
11794
4663
9174
31699
14044
6342
29698
15737
14484
17469
22802
2609
9524
13157
27948
31295
27691
3614
15398
17726
14042
9692
26638
2714
29976
26148
7586
27156
14766
5395
22744
27713
26331
25560
31063
15116
10962
20277
9980
10799
19511
20481
1622
4030
18085
23465
15658
27804
14123
13483
18161
25860
