15849
17846
18243
29142
11480
26935
32377
31184
13939
4607
25781
25805
5429
9076
30095
28702
32239
28144
8498
4679
18504
6977
7389
20352
26424
27434
867
24116
12684
16353
17835
7045
31333
31375
27440
20422
31161
10195
8835
17152
1232
31807
8644
8558
5832
8409
22317
12289
10513
20380
27015
20700
23538
16372
2226
22489
28419
25413
3617
12034
2481
29029
27996
19225
21437
17693
29821
28688
23996
2221
23731
17810
22936
12869
10946
15224
8974
20620
24449
15957
6191
10013
30811
15339
16863
6917
16335
30643
19545
28486
28143
12121
20393
20823
6372
3901
26672
13729
30057
30452
